2026   1  0   9.6   4.1
2026   1  1   8.0   5.3
2026   1  2   8.4   4.7
2026   1  3   7.9   5.2
2026   1  4   6.7   5.7
2026   1  5   7.1   6.7
2026   1  6   7.6   6.0
2026   1  7   8.7   7.5
2026   1  8   7.3   8.6
2026   1  9   7.5   9.3
2026   1 10   8.4   9.3
2026   1 11   8.8   7.5
2026   1 12   9.2   6.8
2026   1 13  10.1   5.9
2026   1 14   9.0   5.7
2026   1 15   9.0   5.9
2026   1 16   9.0   4.4
2026   1 17   8.0   4.7
2026   1 18   7.6   4.4
2026   1 19   7.4   4.7
2026   1 20   7.5   4.7
2026   1 21   7.8   4.6
2026   1 22   7.8   3.9
2026   1 23   7.3   4.7
2026   2  0   6.4   5.4
2026   2  1   6.2   5.2
2026   2  2   6.4   4.7
2026   2  3   6.9   5.3
2026   2  4   7.1   5.0
2026   2  5   7.0   4.8
2026   2  6   7.2   3.6
2026   2  7   7.6   4.3
2026   2  8   7.6   4.3
2026   2  9   8.5   3.4
2026   2 10   8.9   2.2
2026   2 11   8.7   2.4
2026   2 12   7.9   2.7
2026   2 13   7.6   3.0
2026   2 14   6.8   2.9
2026   2 15   7.0   3.4
2026   2 16   9.4   5.2
2026   2 17   8.6   4.6
2026   2 18   8.6   3.6
2026   2 19   9.2   3.6
2026   2 20   9.4   3.0
2026   2 21   9.7   3.0
2026   2 22   9.2   2.7
2026   2 23   9.0   2.8
2026   3  0   8.8   2.7
2026   3  1   8.8   2.6
2026   3  2   9.0   2.1
2026   3  3   8.6   2.0
2026   3  4   8.6   1.9
2026   3  5   8.3   1.9
2026   3  6   8.2   1.8
2026   3  7   8.3   1.8
2026   3  8   8.2   1.7
2026   3  9   7.4   2.2
2026   3 10   7.4   2.2
2026   3 11   7.6   2.2
2026   3 12   6.8   2.6
2026   3 13   7.0   2.6
2026   3 14   6.9   2.3
2026   3 15   6.9   2.8
2026   3 16   6.7   2.8
2026   3 17   7.4   1.6
2026   3 18   7.6   1.6
2026   3 19   7.3   2.9
2026   3 20   6.5   4.4
2026   3 21   6.2   4.8
2026   3 22   5.5   6.6
2026   3 23   5.6   5.4
2026   4  0   5.6   4.9
2026   4  1   5.5   4.7
2026   4  2   5.5   4.4
2026   4  3   5.3   4.1
2026   4  4   5.4   3.3
2026   4  5   5.5   2.9
2026   4  6   5.5   2.7
2026   4  7   5.4   2.5
2026   4  8   4.8   3.2
2026   4  9   4.6   3.2
2026   4 10   4.6   2.7
2026   4 11   4.5   3.0
2026   4 12   4.1   3.4
2026   4 13   4.2   3.3
2026   4 14   5.0   3.2
2026   4 15   5.9   4.0
2026   4 16   5.6   5.7
2026   4 17   6.3   2.8
2026   4 18   6.4   4.3
2026   4 19   6.7   6.2
2026   4 20   6.2   6.4
2026   4 21   7.3   9.2
2026   4 22   9.2   8.2
2026   4 23   8.7   8.1
2026   5  0   6.8   7.6
2026   5  1   7.3   6.8
2026   5  2   9.3   6.4
2026   5  3   9.2   6.8
2026   5  4   9.5   6.0
2026   5  5   9.4   5.5
2026   5  6   8.7   5.7
2026   5  7   8.0   5.4
2026   5  8   7.7   4.7
2026   5  9   8.0   3.7
2026   5 10   7.9   3.6
2026   5 11   7.9   3.6
2026   5 12   7.4   4.4
2026   5 13   7.4   3.0
2026   5 14   7.5   2.7
2026   5 15   7.4   2.8
2026   5 16   7.2   3.1
2026   5 17   7.2   3.5
2026   5 18   7.4   3.7
2026   5 19   7.5   4.2
2026   5 20   7.7   4.4
2026   5 21   7.6   4.7
2026   5 22   6.6   9.9
2026   5 23   7.6   5.6
2026   6  0   8.0   4.1
2026   6  1   7.7   4.6
2026   6  2   7.7   5.0
2026   6  3   7.4   5.1
2026   6  4   7.3   5.9
2026   6  5   7.1   6.3
2026   6  6   6.8   5.8
2026   6  7   6.7   5.2
2026   6  8   6.2   5.1
2026   6  9   4.9   9.8
2026   6 10   4.6  12.9
2026   6 11   5.5   9.1
2026   6 12   5.2   7.4
2026   6 13   6.0  11.5
2026   6 14   6.3  10.2
2026   6 15   5.7  10.3
2026   6 16   5.1   9.7
2026   6 17   4.7  11.5
2026   6 18   4.9   7.5
2026   6 19   4.5   6.7
2026   6 20   4.9   5.0
2026   6 21   5.2   3.9
2026   6 22   5.2   4.3
2026   6 23   5.5   4.6
2026   7  0   5.8   4.9
2026   7  1   5.6   5.0
2026   7  2   5.8   5.3
2026   7  3   5.7   5.4
2026   7  4   5.9   5.2
2026   7  5   6.2   5.4
2026   7  6   6.6   5.8
2026   7  7   6.7   6.1
2026   7  8   6.9   5.6
2026   7  9   6.6   4.9
2026   7 10   6.5   5.8
2026   7 11   6.9   7.1
2026   7 12   7.5   6.5
2026   7 13   7.9   7.5
2026   7 14   9.1   9.0
2026   7 15   8.7   8.6
2026   7 16   8.7   7.3
2026   7 17   8.4   7.3
2026   7 18   8.4   7.0
2026   7 19   8.1   6.2
2026   7 20   8.2   6.4
2026   7 21   9.1   7.1
2026   7 22   9.1   9.9
2026   7 23   9.8   8.7
2026   8  0  10.2   9.9
2026   8  1  10.6   9.9
2026   8  2  11.0   9.3
2026   8  3  10.5  11.9
2026   8  4   8.6  18.9
2026   8  5   6.9  27.5
2026   8  6  10.6  16.5
2026   8  7  10.9  14.1
2026   8  8   9.7  15.9
2026   8  9   9.6  13.8
2026   8 10   9.0  15.7
2026   8 11  10.3  14.3
2026   8 12  11.2  11.1
2026   8 13  10.8  11.9
2026   8 14   9.5  14.5
2026   8 15  10.4  12.8
2026   8 16  11.9  11.8
2026   8 17  14.2   9.9
2026   8 18  13.4   9.9
2026   8 19  12.2  12.3
2026   8 20  12.4  12.3
2026   8 21  11.2  10.5
2026   8 22  11.5   9.1
2026   8 23  12.2   8.8
2026   9  0  10.2  10.8
2026   9  1  10.3  10.7
2026   9  2   9.4  11.6
2026   9  3   9.8  12.6
2026   9  4   9.7  14.3
2026   9  5   4.6  17.1
2026   9  6   9.6  13.8
2026   9  7  11.4  10.5
2026   9  8  10.7   7.4
2026   9  9  12.1   8.1
2026   9 10  11.8   9.2
2026   9 11  13.2  10.0
2026   9 12  14.5   7.4
2026   9 13  12.6   7.6
2026   9 14  10.6   7.0
2026   9 15  11.2   5.2
2026   9 16  10.9   5.8
2026   9 17  10.4   6.0
2026   9 18   9.9   6.4
2026   9 19   9.4   5.9
2026   9 20   8.6   5.9
2026   9 21   8.7   5.9
2026   9 22   8.1   6.7
2026   9 23   8.0   6.6
2026  10  0   8.3   7.0
2026  10  1   7.5   7.9
2026  10  2   8.1   9.6
2026  10  3   9.4  10.4
2026  10  4   7.6  10.6
2026  10  5   7.7   8.4
2026  10  6   6.4   7.2
2026  10  7   6.2   7.7
2026  10  8   6.2   6.7
2026  10  9   6.5   5.9
2026  10 10   7.2   5.2
2026  10 11   8.6   4.4
2026  10 12   8.8   4.3
2026  10 13   7.8   5.1
2026  10 14   7.6   5.4
2026  10 15   8.3   6.6
2026  10 16   7.6   7.3
2026  10 17   7.7   7.0
2026  10 18   8.4   5.8
2026  10 19   8.4   5.5
2026  10 20  11.6  10.5
2026  10 21  17.6  14.2
2026  10 22  16.2  18.5
2026  10 23  15.8  13.3
