# OMNI2 Hourly Data Sample (NASA OMNIWeb)
# Format: Year Day Hour Bt Bx By Bz Speed Density Temp Kp Dst Mach_Alfven
# Missing values: 999.9 or 9999
2024 1 0 5.2 -2.1 1.3 -3.8 425.5 6.2 95000 2.3 -12 8.5
2024 1 1 5.8 -1.9 2.1 -4.2 438.2 6.8 98000 2.7 -15 8.2
2024 1 2 999.9 999.9 999.9 999.9 432.1 7.1 999.9 2.3 -10 8.0
2024 1 3 6.1 -2.3 1.8 -3.5 428.9 6.5 96000 2.5 -13 8.3
2024 1 4 5.9 -2.0 1.5 -3.9 435.0 6.9 97000 2.8 -16 8.1
2024 1 5 7.2 -3.1 2.5 -5.1 999.9 8.2 105000 3.5 -25 7.8
2024 1 6 6.8 -2.8 2.2 -4.8 465.3 7.8 102000 3.2 -22 7.9
2024 1 7 5.5 -1.8 1.2 -3.2 420.8 6.0 9999 2.1 -9 8.6
2024 1 8 5.3 -1.7 1.0 -3.0 418.5 5.8 92000 2.0 -8 8.7
2024 1 9 6.5 -2.5 1.9 -4.5 442.0 7.5 100000 3.0 -18 8.0
2024 1 10 999.9 999.9 999.9 -3.8 436.7 7.2 999.9 2.6 -14 8.2
2024 1 11 5.7 -1.8 1.4 -3.6 430.2 6.6 95000 2.4 -11 8.4
2024 1 12 8.5 -4.2 3.5 -6.8 520.5 10.5 125000 5.2 -65 6.5
2024 1 13 9.2 -5.1 4.2 -7.5 545.8 11.8 135000 5.8 -85 6.0
2024 1 14 7.8 -3.8 3.1 -6.2 495.0 9.8 118000 4.8 -58 6.8
2024 1 15 6.2 -2.4 1.7 -4.0 440.5 7.0 99000 2.9 -17 8.1
2024 1 16 5.8 -2.0 1.3 -3.7 428.0 6.4 96000 2.5 -12 8.3
2024 1 17 5.4 -1.6 1.1 -3.1 415.2 5.9 93000 2.2 -10 8.5
2024 1 18 999.9 999.9 999.9 999.9 999.9 999.9 999.9 9999 9999 999.9
2024 1 19 5.6 -1.9 1.2 -3.4 425.8 6.3 94000 2.3 -11 8.4
2024 1 20 6.0 -2.2 1.6 -3.9 433.5 6.7 97000 2.7 -14 8.2
